20150901,182
20150902,183
20150903,184
20150904,185
20150905,186
20150906,187
20150907,188
20150908,189
20150909,190
20150910,191
20150911,192
20150912,193
20150913,194
20150914,195
20150915,196
20150916,197
20150917,198
20150918,199
20150919,200
20150920,201
20150921,202
20150922,203
20150923,204
20150924,205
20150925,206
20150926,207
20150927,208
20150928,209
20150929,210
20150930,211
20151001,212
20151002,213
20151003,214
20151004,215
20151005,216
20151006,217
20151007,218
20151008,219
20151009,220
20151010,221
20151011,222
20151012,223
20151013,224
20151014,225
20151015,226
20151016,227
20151017,228
20151018,229
20151019,230
20151020,231
20151021,232
20151022,233
20151023,234
20151024,235
20151025,236
20151026,237
20151027,238
20151028,239
20151029,240
20151030,241
